printf "\e[49m             \e[38;5;255;49m▄▄▄▄▄▄▄▄▄▄▄\e[49m                \e[m
\e[49m         \e[38;5;15;49m▄\e[48;5;255m \e[38;5;255;48;5;255m▄\e[48;5;255m  \e[38;5;248;48;5;255m▄▄\e[38;5;253;48;5;255m▄\e[38;5;243;48;5;255m▄\e[38;5;254;48;5;255m▄\e[38;5;250;48;5;255m▄\e[38;5;103;48;5;255m▄\e[48;5;255m \e[38;5;252;48;5;255m▄▄\e[38;5;255;48;5;254m▄\e[38;5;255;48;5;255m▄▄\e[38;5;254;48;5;15m▄\e[38;5;255;49m▄▄\e[49m          \e[m
\e[49m         \e[48;5;255m  \e[38;5;247;48;5;145m▄\e[38;5;238;48;5;60m▄\e[38;5;239;48;5;253m▄\e[38;5;240;48;5;239m▄\e[38;5;242;48;5;238m▄\e[38;5;239;48;5;60m▄\e[38;5;179;48;5;238m▄\e[38;5;239;48;5;243m▄\e[38;5;240;48;5;60m▄\e[38;5;137;48;5;238m▄\e[38;5;238;48;5;247m▄\e[38;5;242;48;5;239m▄\e[38;5;238;48;5;60m▄\e[38;5;60;48;5;254m▄\e[38;5;238;48;5;248m▄\e[38;5;247;48;5;252m▄\e[38;5;145;48;5;255m▄\e[38;5;103;48;5;255m▄\e[48;5;255m \e[38;5;255;48;5;253m▄\e[38;5;254;49m▄▄\e[38;5;15;49m▄\e[49m      \e[m
\e[49m         \e[48;5;255m  \e[38;5;60;48;5;243m▄\e[38;5;137;48;5;243m▄\e[38;5;221;48;5;242m▄\e[38;5;221;48;5;137m▄\e[38;5;221;48;5;215m▄\e[38;5;221;48;5;137m▄\e[48;5;221m \e[38;5;221;48;5;179m▄▄\e[48;5;221m \e[38;5;221;48;5;137m▄\e[48;5;221m \e[38;5;221;48;5;243m▄\e[38;5;221;48;5;137m▄\e[38;5;137;48;5;137m▄\e[38;5;240;48;5;239m▄\e[38;5;242;48;5;238m▄\e[38;5;239;48;5;60m▄\e[38;5;239;48;5;255m▄\e[38;5;60;48;5;253m▄\e[38;5;253;48;5;255m▄\e[38;5;251;48;5;255m▄\e[38;5;255;48;5;255m▄\e[38;5;252;48;5;252m▄\e[49m     \e[m
\e[49m         \e[48;5;255m  \e[38;5;238;48;5;239m▄\e[38;5;179;48;5;179m▄\e[48;5;221m              \e[38;5;221;48;5;179m▄\e[38;5;221;48;5;242m▄\e[38;5;137;48;5;242m▄\e[38;5;240;48;5;239m▄\e[38;5;239;48;5;239m▄\e[38;5;248;48;5;60m▄\e[48;5;255m \e[38;5;7;48;5;188m▄\e[48;5;0m \e[49m    \e[m
\e[49m        \e[48;5;255m  \e[48;5;251m \e[38;5;239;48;5;238m▄\e[48;5;221m                  \e[38;5;137;48;5;215m▄\e[38;5;60;48;5;238m▄\e[38;5;255;48;5;252m▄\e[38;5;255;48;5;255m▄\e[38;5;0;48;5;243m▄\e[49;38;5;0m▀\e[49m    \e[m
\e[49m       \e[38;5;15;49m▄\e[48;5;255m  \e[38;5;103;48;5;247m▄\e[38;5;242;48;5;242m▄\e[48;5;221m                  \e[38;5;239;48;5;95m▄\e[38;5;250;48;5;103m▄\e[48;5;255m \e[38;5;246;48;5;252m▄\e[48;5;0m \e[49m     \e[m
\e[49m       \e[38;5;255;48;5;255m▄\e[48;5;255m \e[38;5;145;48;5;252m▄\e[38;5;242;48;5;238m▄\e[38;5;221;48;5;179m▄\e[48;5;221m                 \e[38;5;137;48;5;179m▄\e[38;5;60;48;5;238m▄\e[38;5;255;48;5;254m▄\e[38;5;254;48;5;255m▄\e[38;5;0;48;5;238m▄\e[49m      \e[m
\e[49m      \e[38;5;255;48;5;15m▄\e[38;5;255;48;5;255m▄\e[38;5;252;48;5;255m▄\e[38;5;239;48;5;247m▄\e[38;5;187;48;5;239m▄\e[38;5;255;48;5;221m▄\e[38;5;255;48;5;222m▄\e[38;5;255;48;5;221m▄\e[38;5;222;48;5;221m▄\e[48;5;221m \e[38;5;222;48;5;221m▄\e[38;5;224;48;5;221m▄\e[38;5;255;48;5;222m▄▄▄\e[38;5;224;48;5;221m▄\e[38;5;222;48;5;221m▄\e[48;5;221m      \e[38;5;238;48;5;242m▄\e[38;5;251;48;5;247m▄\e[48;5;255m \e[38;5;245;48;5;7m▄\e[48;5;0m \e[49m      \e[m
\e[49m     \e[38;5;15;49m▄\e[38;5;255;48;5;255m▄\e[48;5;255m \e[38;5;238;48;5;60m▄\e[38;5;254;48;5;181m▄\e[48;5;255m  \e[38;5;252;48;5;255m▄\e[38;5;253;48;5;255m▄\e[48;5;255m \e[38;5;224;48;5;222m▄\e[38;5;255;48;5;254m▄\e[48;5;255m  \e[38;5;250;48;5;255m▄\e[38;5;254;48;5;255m▄\e[48;5;255m \e[38;5;255;48;5;223m▄\e[48;5;221m     \e[38;5;137;48;5;179m▄\e[38;5;60;48;5;238m▄\e[48;5;255m \e[38;5;254;48;5;255m▄\e[38;5;0;48;5;235m▄\e[49m       \e[m
\e[49m     \e[49;38;5;255m▀\e[48;5;255m \e[38;5;255;48;5;253m▄\e[38;5;60;48;5;238m▄\e[38;5;188;48;5;255m▄\e[48;5;255m  \e[38;5;253;48;5;239m▄\e[38;5;255;48;5;247m▄\e[48;5;255m \e[38;5;223;48;5;224m▄\e[48;5;255m  \e[38;5;255;48;5;254m▄\e[38;5;254;48;5;238m▄\e[38;5;255;48;5;250m▄\e[48;5;255m  \e[38;5;221;48;5;222m▄\e[48;5;221m    \e[38;5;238;48;5;242m▄\e[38;5;251;48;5;247m▄\e[48;5;255m \e[38;5;245;48;5;7m▄\e[48;5;0m \e[49m       \e[m
\e[49m      \e[38;5;255;48;5;255m▄\e[48;5;255m \e[38;5;255;48;5;103m▄\e[38;5;8;48;5;60m▄\e[38;5;60;48;5;254m▄\e[38;5;181;48;5;255m▄\e[38;5;222;48;5;224m▄\e[38;5;221;48;5;223m▄▄\e[48;5;221m \e[38;5;222;48;5;224m▄\e[38;5;223;48;5;255m▄\e[48;5;255m   \e[38;5;223;48;5;255m▄\e[38;5;221;48;5;223m▄\e[48;5;221m    \e[38;5;137;48;5;179m▄\e[38;5;60;48;5;238m▄\e[48;5;255m \e[38;5;254;48;5;255m▄\e[38;5;0;48;5;235m▄\e[49m        \e[m
\e[49m       \e[38;5;255;48;5;254m▄\e[48;5;255m \e[38;5;60;48;5;248m▄\e[38;5;137;48;5;241m▄\e[38;5;179;48;5;137m▄\e[38;5;137;48;5;215m▄\e[38;5;179;48;5;221m▄▄▄▄\e[48;5;221m  \e[38;5;221;48;5;222m▄\e[48;5;221m       \e[38;5;242;48;5;243m▄\e[38;5;103;48;5;103m▄\e[48;5;255m \e[38;5;255;48;5;253m▄\e[38;5;247;48;5;0m▄\e[49m        \e[m
\e[49m      \e[38;5;255;48;5;15m▄\e[48;5;255m \e[38;5;250;48;5;254m▄\e[38;5;239;48;5;238m▄\e[38;5;221;48;5;179m▄\e[48;5;221m \e[38;5;221;48;5;215m▄\e[38;5;221;48;5;179m▄▄▄\e[38;5;221;48;5;215m▄\e[48;5;221m          \e[38;5;221;48;5;137m▄\e[38;5;137;48;5;240m▄\e[38;5;60;48;5;8m▄\e[48;5;255m \e[38;5;255;48;5;253m▄\e[48;5;0m \e[49m       \e[m
\e[49m      \e[48;5;255m  \e[38;5;253;48;5;247m▄\e[38;5;239;48;5;241m▄\e[38;5;243;48;5;221m▄\e[38;5;215;48;5;221m▄\e[48;5;221m         \e[38;5;179;48;5;179m▄\e[38;5;179;48;5;215m▄\e[48;5;221m   \e[38;5;243;48;5;221m▄\e[38;5;240;48;5;221m▄\e[38;5;238;48;5;137m▄\e[38;5;247;48;5;239m▄\e[48;5;255m \e[38;5;251;48;5;255m▄\e[48;5;0m \e[49m       \e[m
\e[49m       \e[38;5;7;48;5;254m▄\e[38;5;254;48;5;255m▄\e[38;5;255;48;5;252m▄\e[38;5;255;48;5;60m▄\e[38;5;252;48;5;238m▄\e[38;5;247;48;5;243m▄\e[38;5;60;48;5;137m▄▄\e[38;5;242;48;5;179m▄\e[38;5;137;48;5;215m▄\e[38;5;179;48;5;179m▄▄▄\e[38;5;179;48;5;137m▄\e[38;5;215;48;5;137m▄\e[38;5;179;48;5;137m▄\e[38;5;215;48;5;179m▄\e[48;5;221m \e[38;5;179;48;5;221m▄\e[38;5;238;48;5;239m▄\e[38;5;254;48;5;247m▄\e[38;5;255;48;5;252m▄\e[38;5;254;48;5;255m▄\e[38;5;241;48;5;255m▄\e[38;5;0;48;5;238m▄\e[49;38;5;0m▀\e[49m       \e[m
\e[49m         \e[49;38;5;7m▀\e[38;5;0;48;5;255m▄\e[38;5;246;48;5;255m▄\e[38;5;7;48;5;255m▄\e[48;5;255m \e[38;5;254;48;5;248m▄\e[38;5;60;48;5;239m▄\e[38;5;238;48;5;179m▄\e[38;5;242;48;5;221m▄\e[48;5;221m       \e[38;5;137;48;5;179m▄\e[38;5;60;48;5;239m▄\e[48;5;255m \e[38;5;188;48;5;255m▄\e[48;5;0m \e[49;38;5;0m▀\e[49m         \e[m
\e[49m             \e[49;38;5;188m▀\e[38;5;253;48;5;255m▄\e[48;5;255m \e[38;5;251;48;5;145m▄\e[48;5;238m \e[38;5;179;48;5;221m▄▄▄▄\e[38;5;137;48;5;221m▄\e[38;5;243;48;5;221m▄\e[38;5;241;48;5;221m▄\e[38;5;238;48;5;137m▄\e[38;5;243;48;5;60m▄\e[48;5;255m \e[48;5;188m \e[48;5;0m \e[49m          \e[m
\e[49m              \e[49;38;5;255m▀\e[38;5;255;48;5;255m▄\e[38;5;255;48;5;253m▄\e[38;5;255;48;5;60m▄\e[38;5;255;48;5;238m▄▄▄▄\e[38;5;255;48;5;60m▄\e[38;5;255;48;5;243m▄\e[38;5;255;48;5;248m▄\e[38;5;255;48;5;252m▄\e[48;5;255m \e[38;5;7;48;5;255m▄\e[38;5;0;48;5;249m▄\e[48;5;0m \e[49m          \e[m
\e[49m               \e[49;38;5;15m▀\e[49;38;5;252m▀\e[38;5;0;48;5;254m▄\e[38;5;0;48;5;255m▄▄▄▄\e[38;5;0;48;5;188m▄\e[38;5;0;48;5;252m▄\e[38;5;0;48;5;249m▄\e[38;5;0;48;5;243m▄\e[49;38;5;0m▀▀▀\e[49m           \e[m
";
